-1466.1 -3340.66 4941.18 -1377.79 -677.27 398.206 125.863 -135.497 -5.16946 36.1913 -5.55573 -8.45292 3.10054 1.61987 -1.12809 -0.208077 0.338953 -0.0152481 -0.0787479 0.00728726 0.0377389 -0.0360438 0.0334628 -0.042615 0.0513503 -0.0510051 0.0408162 -0.0227455 -2523.72 
6955.35 -15046.3 1247.27 3688.67 -1041.42 -766.16 421.296 119.984 -134.04 -5.51549 36.2669 -5.5691 -8.45191 3.10057 1.62144 -1.13249 -0.199213 0.322952 0.0118599 -0.122199 0.0729736 -0.0551923 0.085647 -0.111781 0.111854 -0.089514 0.050166 3139.56 -12775.1 
51982.5 6368.53 -14960.5 1243.15 3684.76 -1039.01 -767.191 421.692 119.835 -133.983 -5.53855 36.2762 -5.57179 -8.45385 3.10772 1.60639 -1.10446 -0.248193 0.403963 -0.114503 0.0621488 -0.175615 0.249624 -0.246121 0.196036 -0.11115 216.842 -881.897 3588.19 
-13718.1 52230.5 6303.17 -14943.2 1238.46 3686.08 -1039.41 -767.05 421.635 119.861 -133.994 -5.53517 36.2795 -5.58341 -8.42881 3.05963 1.69326 -1.25316 -0.00810085 0.0415223 0.390686 -0.57676 0.538822 -0.426874 0.248564 14.639 -60.6029 247.208 -946.328 
3604.6 -13721.9 52231.1 6303.25 -14943.4 1238.62 3685.98 -1039.35 -767.084 421.652 119.856 -133.999 -5.51701 36.239 -5.50297 -8.57953 3.32747 1.24404 -0.548674 -1.02751 1.37753 -1.15166 0.920107 -0.567384 1.7985 -4.79678 18.0971 -66.4923 249.875 
-947.978 3605.75 -13722.7 52231.6 6302.92 -14943.2 1238.51 3686.04 -1039.38 -767.075 421.659 119.828 -133.936 -5.64759 36.4936 -5.97438 -7.75495 1.97816 3.28117 -3.33096 2.30899 -1.96139 1.34943 -1.82986 1.08999 -1.09943 -2.00345 14.969 -63.7106 
247.717 -946.463 3604.77 -13722.1 52231.3 6303.11 -14943.3 1238.55 3686.02 -1039.39 -767.036 421.564 120.033 -134.352 -4.84114 35.016 -3.43887 -11.7719 7.73368 -3.9436 4.18714 -3.43632 4.88001 -3.26052 5.3112 -5.85574 5.83807 -7.84329 19.3069 
-66.6324 249.534 -947.52 3605.35 -13722.4 52231.4 6303.04 -14943.3 1238.56 3685.97 -1039.25 -767.343 422.218 118.701 -131.784 -9.48865 42.7927 -15.2192 3.8536 -9.36864 9.55814 -12.8232 7.73087 -12.1286 12.2737 -9.65325 6.22817 -2.75206 -2.31127 
16.0172 -64.8011 248.57 -947.037 3605.12 -13722.3 52231.4 6303.03 -14943.2 1238.38 3686.4 -1040.23 -765.238 417.924 126.946 -146.463 14.2307 9.17351 24.0628 -28.8639 34.0039 -18.7949 28.5097 -27.3129 20.1111 -12.5074 7.09133 -4.02013 3.04338 
-5.38258 17.5587 -65.5394 248.908 -947.183 3605.17 -13722.3 52231.3 6303.26 -14943.8 1239.76 3683.26 -1033.4 -779.245 444.675 80.3665 -74.9876 -76.5609 91.3929 -88.3566 46.67 -67.9308 60.6309 -40.6243 22.8271 -11.8378 5.94579 -2.77083 0.928259 
0.687312 -4.30955 17.089 -65.3433 248.838 -947.185 3605.25 -13722.6 52232 6301.46 -14939.4 1229.6 3705.71 -1079.82 -691.153 296.145 289.838 -289.011 215.363 -118.749 164.422 -133.969 79.0391 -38.8462 18.5784 -9.17454 4.20925 -1.62952 0.632038 
-0.538095 1.29697 -4.55368 17.1772 -65.3509 248.759 -946.917 3604.48 -13720.5 52226.5 6315.31 -14972.6 1304.72 3548.29 -783.265 -1166.49 866.204 -453.694 310.575 -404.97 292.413 -143.342 57.7672 -26.2928 13.9105 -6.03295 1.6768 -0.360537 0.223371 
-0.0961071 -0.259494 1.1957 -4.53258 17.2313 -65.5759 249.475 -949.046 3610.55 -13737.1 52270.4 6205.42 -14714.6 751.26 4583.01 -2298.33 637.996 -837.331 1016.89 -621.342 223.186 -61.4342 33.4933 -23.3164 8.54448 -0.313695 -0.458019 -0.436841 0.420552 
-0.0616179 0.00926809 -0.296634 1.18336 -4.40316 16.7206 -63.8447 243.983 -932.35 3561.64 -13599.5 51901.7 7126.55 -16785 4610.3 583.674 2332.43 -2608.9 1245.29 -209.969 -10.943 -49.2228 51.2278 -10.5478 -6.83168 2.58261 1.78483 -1.18375 -0.183348 
0.321179 -0.00609249 -0.0336439 -0.291336 1.36538 -5.3245 20.2636 -76.2266 285.255 -1065.49 3977.44 -14845 55403.1 -1656.21 -9277.42 -6720.82 6857.88 -2162.28 -394.466 302.964 156.606 -145.141 -2.20489 35.2919 -5.28361 -8.5382 3.1335 1.59596 -1.09528 
-0.263165 0.432004 -0.166398 0.154298 -0.331031 0.496537 -0.612211 0.697079 -0.736223 0.70126 -0.587501 0.415759 -0.213401 45486.7 20025.4 -18548.4 2185.7 3437.18 -973.997 -784.249 426.161 118.668 -133.679 -5.61928 36.3029 -5.59178 -8.42207 3.04831 1.71594 
-1.29845 0.0792899 -0.119764 0.673288 -1.0429 1.25523 -1.43988 1.54655 -1.48132 1.23298 -0.862132 0.437847 3139.4 -12775.2 51982.6 6368.43 -14960.4 1243.06 3684.83 -1039.06 -767.155 421.667 119.853 -134 -5.51368 36.2317 -5.48712 -8.6136 3.39858 
1.10105 -0.273523 -1.53049 2.2431 -2.53813 2.95774 -3.26502 3.14573 -2.58849 1.7777 -0.889257 217.139 -881.782 3587.99 -13717.8 52230.2 6303.36 -14943.3 1238.57 3686.01 -1039.37 -767.08 421.662 119.823 -133.926 -5.66969 36.5429 -6.08176 -7.52927 
1.52352 4.15236 -4.90378 4.95169 -6.02781 6.95661 -6.72939 5.43055 -3.63303 1.77933 14.1136 -60.8633 247.654 -946.847 3605.09 -13722.3 52231.4 6303.05 -14943.2 1238.54 3686.03 -1039.39 -767.03 421.551 120.062 -134.42 -4.68661 34.6753 -2.71718 
-13.2292 10.5111 -8.87515 12.2029 -15.0692 14.5304 -11.3598 7.32225 -3.4843 2.62963 -4.20096 17.0938 -65.3542 248.834 -947.156 3605.17 -13722.4 52231.4 6303.05 -14943.3 1238.57 3685.96 -1039.24 -767.379 422.306 118.491 -131.298 -10.5774 45.1229 
-19.94 12.7866 -24.8674 33.5436 -31.6926 23.5864 -14.4449 6.61494 -2.83325 -0.289964 1.17987 -4.51095 17.1753 -65.3757 248.84 -947.159 3605.17 -13722.4 52231.4 6303.02 -14943.2 1238.36 3686.45 -1040.34 -764.974 417.276 128.484 -149.974 21.8503 
-6.339 53.1393 -77.6145 69.6405 -48.208 27.5784 -12.0148 5.00801 -0.0200132 0.0814349 -0.31135 1.18546 -4.51234 17.1754 -65.3751 248.838 -947.153 3605.16 -13722.3 52231.3 6303.28 -14943.8 1239.88 3682.96 -1032.62 -781.24 449.562 68.9119 -49.6337 
-128.604 187.678 -152.74 95.6131 -50.0908 20.4809 -7.99722 -0.00138208 0.00562327 -0.0214977 0.0818464 -0.311522 1.1857 -4.51297 17.1772 -65.3802 248.852 -947.193 3605.26 -13722.6 52232.1 6301.35 -14939.1 1228.75 3708.01 -1085.92 -675.576 258.227 376.371 
-469.369 327.667 -179.622 84.2692 -31.8327 11.5094 -9.49665e-05 0.000386638 -0.00147905 0.00563426 -0.0214554 0.0816956 -0.311055 1.18428 -4.50871 17.1646 -65.3434 248.746 -946.895 3604.44 -13720.4 52226.3 6316.09 -14974.9 1311.24 3530 -733.701 -1294.34 1173.44 
-661.676 306.552 -125.622 43.0616 -14.2048 -6.77199e-06 2.74692e-05 -0.00010468 0.00039737 -0.00150846 0.00572778 -0.0217548 0.0826476 -0.314055 1.19364 -4.53757 17.2525 -65.6069 249.523 -949.14 3610.77 -13737.7 52272.2 6199.91 -14697.5 699.146 4737.62 -2737.74 1166.71 
-438.911 152.874 -46.6244 13.7576 -3.81233e-07 1.57512e-06 -6.11996e-06 2.36574e-05 -9.132e-05 0.000352111 -0.00135626 0.00521903 -0.020065 0.0770757 -0.295831 1.13459 -4.34828 16.6533 -63.7378 243.795 -931.961 3560.62 -13596.3 51891.1 7163.32 -16911.9 5046.63 -1490.2 436.058 
-125.958 33.6241 -8.40602 -5.01821e-08 2.00728e-07 -7.52732e-07 2.8102e-06 -1.04881e-05 3.9142e-05 -0.00014608 0.000545178 -0.00203463 0.00759336 -0.0283388 0.105762 -0.394708 1.47307 -5.49758 20.5172 -76.5714 285.768 -1066.5 3980.24 -14854.5 55437.6 -1784.43 478.125 -128.069 34.1518 
-8.53794 0 0 0 0 0 0 0 0 0 0 0 0 0 0 0 0 0 0 0 0 0 0 0 0 0 0 0 0 
0 0 0 0 0 0 0 0 0 0 0 0 0 0 0 0 0 0 0 0 0 0 0 0 0 0 0 0 0 
